
============================================================================================================================================================================================
                                                                                               Dependent variable:                                                                          
                      ----------------------------------------------------------------------------------------------------------------------------------------------------------------------
                                                         N                                      Domestic_Abuse       Property               Poo                Hate             Otherv      
                        Male to Male     Male to Female   Female to Female    Female to Male         Rugby       Property-related  Public Order Offences  Hate incidents    Other violence  
                             (1)               (2)               (3)               (4)                (5)               (6)                 (7)                 (8)               (9)       
--------------------------------------------------------------------------------------------------------------------------------------------------------------------------------------------
Alcohol                   -0.825***         -0.870***         -0.808***         -0.858***          -0.862***         -0.981***           -0.922***           -0.934***         -0.902***    
                           (0.101)           (0.034)           (0.133)           (0.080)            (0.031)           (0.065)             (0.080)             (0.115)           (0.040)     
Tournament on               0.005            0.038*             0.053             -0.048             0.005             0.042              0.096**            0.138***            0.034      
                           (0.054)           (0.021)           (0.062)           (0.045)            (0.019)           (0.026)             (0.036)             (0.047)           (0.027)     
England win                -0.068            -0.022             0.019             -0.147            0.0001             0.052              0.234**              0.073             0.094      
                           (0.165)           (0.066)           (0.193)           (0.135)            (0.035)           (0.074)             (0.095)             (0.136)           (0.077)     
England draw                0.080             0.038             0.043             0.107                                0.100              -0.065              -0.066             0.035      
                           (0.194)           (0.076)           (0.225)           (0.169)                              (0.085)             (0.128)             (0.168)           (0.092)     
England lost               -0.063             0.065            -0.036             0.117              0.056            -0.042               0.075               0.011             0.089      
                           (0.162)           (0.064)           (0.171)           (0.136)            (0.055)           (0.078)             (0.100)             (0.139)           (0.078)     
After England              -0.036            0.093**           0.152*             0.025             -0.010             0.052              0.161**              0.141            0.108**     
                           (0.103)           (0.040)           (0.114)           (0.082)            (0.031)           (0.047)             (0.062)             (0.084)           (0.048)     
Alcohol:Tournament on      -0.181*          -0.077**           -0.018            -0.215*            -0.047             0.135             -0.197**             -0.215*           -0.009      
                           (0.106)           (0.038)           (0.137)           (0.084)            (0.035)           (0.080)             (0.101)             (0.141)           (0.051)     
Alcohol:England win         0.334           0.674***            0.360             0.472              0.045             0.259               0.020               0.310           0.507***     
                           (0.285)           (0.108)           (0.358)           (0.231)            (0.059)           (0.219)             (0.256)             (0.359)           (0.132)     
Alcohol:England draw       -0.282             0.031             0.071             -0.580                               0.060               0.374               0.393            0.360*      
                           (0.411)           (0.138)           (0.629)           (0.313)                              (0.264)             (0.303)             (0.431)           (0.161)     
Alcohol:England lost        0.286             0.028             0.328             -0.088            -0.073             0.144              0.456*              -0.032             0.018      
                           (0.279)           (0.111)           (0.356)           (0.231)            (0.091)           (0.226)             (0.228)             (0.393)           (0.138)     
Alcohol:After England       0.209             0.052            -0.111             -0.040            -0.021             0.094               0.127              0.446*             0.053      
                           (0.185)           (0.071)           (0.242)           (0.159)            (0.055)           (0.144)             (0.158)             (0.211)           (0.088)     
--------------------------------------------------------------------------------------------------------------------------------------------------------------------------------------------
Observations                6,034             6,034             6,034             6,034              6,034             6,034               6,034               6,034             6,034      
Log Likelihood           -10,637.300       -19,923.970       -9,234.791        -12,372.460        -20,935.710       -16,843.670         -13,757.560         -11,391.050       -20,108.820   
theta                 141.533 (111.012) 59.918*** (2.924) 64.457** (31.740) 60.289*** (14.059) 60.091*** (2.639) 40.698*** (1.891)   33.673*** (2.784)   24.170*** (2.563) 30.562*** (1.167)
Akaike Inf. Crit.        21,406.600        39,979.950        18,601.580         24,876.910        41,999.420        33,819.350          27,647.120          22,914.090        40,349.640    
============================================================================================================================================================================================
Note:                                                                                                                                                            *p<0.1; **p<0.05; ***p<0.01
